0 35 28 27 53 5 51
0 same
0 4 msq

1 2 6 70 53 52 78
1 same
1

2 1 3 70 60 59 53 52 78
2 1 3 70 60 52
2 4.5 msq

3 2 4 60 59 49
3 2 4 59 60 49 52 53 78
3 1.8 msq

4 5 3 50 49 51
4 5 3 50 78
4

5 4 51 50 0 53
5 78 4 51 50 28 0 53
5

6 69
6 69 70 68 1
6 36 ftsq

7 8 9 10 12
7 same
7

8 10 7 13 12
8 10 7 13
8

9 41 7 12 11 10
9 12 11 9 41
9

10 15 8 16
10 15 16 8 12 17 13
10 1 msq

11 12 23 17 41 9 46 40 38
11 12 23 41 17 9 40
11 2.5 msq

12 11 23 17 10 8 7 9 41
12 15 25 8 38
12 3 msq

13 18 14 10 16 19
13 18 14 10 16 19 8
13 10 msq

14 13 20 19
14 missing
14

15 16 17 10 24
15 same
15 0.8 msq

16 18 15 24 10 13
16 26 18 15 24 10 13
16 0.75 msq

17 15 23 12 11 25 24
17 14 24 25 23 12 10
17 3.5 msq

18 19 16 13 43
18 26 43 19 16 13
18 0.6 msq

19 18 20 13 14 43
19 same
19 3.5 ftsq

20 19 21 14 43 42
20 same
20 1.2 msq

21 22 42 20 44
21 same
21 21 ftsq

22 21 44 71 42
22 same
22 5 msq

23 17 11 12 24 25
23 17 25 11 46 12
23

24 25 27 28 15 17 23
24 25 27 28 17 15 16
24 3 msq

25 24 17 23 28 27 48
25 28 24 23 48 28
25 0.42 msq

26 29 35 27
26 29 33 34 27
26 6.92820323027551 ftsq

27 35 0 26 28 24
27 same
27 0.649519052838329 msq

28 0 27 25
28 25 51 0 25
28

29 26
29 26 35 34 33 42 43 30
29 7 alsq

30 31 32 44 33
30 31 71 44 42 32 33
30 0.5 msq

31 30 71 32 52
31 same
31 4 msq

32 52 53 33 30 31
32 33 53 30
32 3 ftsq

33 34 32 53 29
33 32 24 53
33 2 msq

34 35 33 53 29
34 35 29 33 26 53
34 5 ftsq

35 
35 0 34 26 29 53
35 5500 cmsq

36 37 54 47
36 56 45 33 37 55 54
36 1.6 ftsq

37 38 40 39 36
37 same
37 1.6 ftsq

38 37 11 41 39 40
38 39 37 40 41
38

39 45 46 55 49 37 38 36
39 same
39

40 11 39 46 45 38 37 41 9 23 36
40 46 45 39 37 38 41
40

41 11 12 9 38 40
41 same
41 1.2 msq

42 44 21 22
42 33 44 21 43 20
42

43 19 20 18 29 26
43 same
43 2.5 msq

44 42 22 71 30
44 same
44

45 46 55 47 48 39 40
45 46 47 48 39 40 50
45 2.6 msq

46 45 40 48 39 47
46 47 45 40
46 2.59807621135332 msq

47 48 51 50 58 45 56 55
47 48 51 50 58 55 45
47 1.5 msq

48 47 46 45 28 50 51
48 51 47 46 25
48 4 msq

49 50 4 59 3 58
49 50 4 59 3 58 5 56 55 47
49 0.9 msq

50 51 4 5 49 47
50 51 5 4 49 55 47
50 1.5 msq

51 50 47 48 5
51 5 50 47 48 28 0
51 4 msq

52 53 32 78 31
52 58 32 33 78 31
52 8 msq

53 52 32 3 34 35 0 78 5 4 3 2 1
53 52 32 33 34 35 0 5 78
53 6 msq

54 36 62
54 55 36 62
54

55 47 56
55 49 56 47 45 54 62
55 2.5 msq

56 57 58 59 49 50 55 47 63 54 62
56 57 58 55 63
56

57 58 66 64 56 63 14
57 58 66 64 63 56
57 2.5 msq

58 66 59 60 57 56 49
58 66 59 47 57 60
58 36 ftsq

59 60 49 58 66 2 3 4
59 60 49 3 4 66 58
59 1.5 msq

60 59 70 2 66 67 58 3
60 70 66 59 3 58 67 2
60 0.25 msq

61 63 62 56 55 54 57 65 45 47 66 58
61 62 63
61 9 msq

62 63 54 61
62 54 61
62 1 msq

63 57 56 61 62 55 39 54 64
63 64 57 56 55 49 39 61 62 54
63 5 msq

64 65 66 67 57
64 65 66 67 57 63
64 4 msq

65 64 67 68
65 64 67 68
65

66 58 67 60 64
66 60 67 58 64 57 59
66 1.2 msq

67 66 68 65 64 60 70
67 same
67 1.4 msq

68 69 65 67 70 6
68 69 65 67 70 1 6
68

69 68 6 70
69 68 6 1
69

70 60 2 1 67 68 6 69 66
70 60 2 1 67 68 6
70

71 31 30 44 22
71 31 30 32 44 22
71

